50 50
4
8		//// 12312341////
93 //
17 11//
18 12
47 12
44 13
18 14
43 14
17 15
40 15
17 16
18 16
38 16
18 17
34 17
36 17
17 18
32 18
34 18
17 19
18 19
30 19
17 20
19 20
28 20
19 21
24 21
25 21
26 21
17 22
23 22
16 23
19 23
20 23
17 24
19 24
20 24
17 25
18 25
20 25
15 26
17 26
21 26
22 26
23 26
24 26
13 27
14 27
16 27
20 27
24 27
13 28
21 28
25 28
11 29
16 29
21 29
25 29
11 30
22 30
26 30
9 31
10 31
16 31
22 31
25 31
9 32
23 32
26 32
9 33
16 33
23 33
26 33
9 34
24 34
25 34
26 34
9 35
16 35
9 36
16 36
9 37
16 37
10 38
16 38
10 39
15 39
11 40
15 40
11 41
12 41
13 41
14 41
12 42
13 42
