100 50
4
8
182
86 11
87 11
88 11
37 12
38 12
39 12
81 12
82 12
83 12
84 12
85 12
86 12
35 13
36 13
74 13
75 13
76 13
77 13
78 13
79 13
34 14
35 14
67 14
68 14
69 14
70 14
71 14
72 14
32 15
33 15
59 15
60 15
61 15
63 15
64 15
31 16
32 16
53 16
54 16
55 16
56 16
58 16
29 17
47 17
48 17
49 17
50 17
51 17
28 18
29 18
44 18
45 18
46 18
27 19
41 19
42 19
27 20
39 20
40 20
26 21
37 21
38 21
26 22
36 22
37 22
25 23
35 23
26 24
65 24
66 24
67 24
68 24
70 24
25 25
35 25
59 25
60 25
61 25
62 25
63 25
69 25
71 25
72 25
73 25
26 26
36 26
57 26
58 26
59 26
75 26
76 26
26 27
36 27
37 27
54 27
55 27
56 27
76 27
77 27
26 28
38 28
51 28
52 28
53 28
78 28
26 29
39 29
48 29
49 29
50 29
79 29
27 30
28 30
41 30
42 30
43 30
44 30
45 30
46 30
47 30
48 30
80 30
28 31
80 31
29 32
81 32
29 33
81 33
31 34
82 34
31 35
32 35
81 35
33 36
34 36
82 36
34 37
35 37
81 37
36 38
37 38
81 38
38 39
39 39
80 39
41 40
42 40
43 40
80 40
43 41
45 41
46 41
77 41
78 41
48 42
49 42
50 42
51 42
75 42
76 42
77 42
53 43
54 43
55 43
56 43
57 43
58 43
59 43
61 43
62 43
63 43
64 43
65 43
66 43
67 43
68 43
69 43
70 43
71 43
72 43
73 43
74 43
